0 0 0 0 0 0 0 
10 11 15 13 7 7 8 
15 8 15 16 7 15 15 
32 15 13 16 8 16 16 
16 16 16 18 7 36 32 
18 8 32 40 7 18 36 
32 29 36 18 37 40 40 
16 38 38 8 7 40 40 
32 39 32 40 7 40 40 
8 32 8 29 8 40 40 
40 38 32 40 10 40 40 
8 40 40 8 7 40 40 
18 40 8 8 7 40 40 
40 39 38 18 7 40 31 
40 13 40 41 7 40 40 
41 29 41 32 10 40 40 
29 16 40 41 25 40 40 
32 29 16 38 7 40 40 
41 37 37 8 7 40 40 
40 13 40 40 25 40 40 
18 38 40 32 7 40 41 
8 17 37 37 7 40 40 
37 41 39 29 8 40 40 
40 18 40 32 18 41 41 
17 32 40 29 7 41 41 
22 38 32 8 7 40 40 
41 40 31 40 7 40 40 
34 29 32 29 17 40 40 
40 32 40 32 7 41 40 
29 32 22 40 7 40 40 
8 40 40 40 7 40 40 
32 39 40 18 9 40 40 
40 40 38 32 11 40 40 
37 37 17 32 7 40 40 
20 41 40 29 31 40 40 
18 40 8 8 25 40 40 
29 43 7 29 18 40 40 
41 32 40 22 7 43 18 
43 17 41 43 16 43 43 
43 8 38 34 7 43 43 
37 43 41 43 18 18 43 
48 23 20 43 7 43 43 
64 29 43 40 9 48 49 
20 63 17 8 7 64 64 
55 41 8 19 22 80 80 
29 32 39 40 7 64 80 
63 48 80 34 7 80 64 
64 80 38 64 7 64 79 
39 48 41 29 8 80 80 
64 18 41 34 8 64 64 
52 29 40 64 16 64 80 
18 78 80 64 9 64 64 
18 16 79 29 8 80 80 
80 18 79 40 25 64 80 
82 64 34 41 11 64 80 
82 41 64 80 8 62 82 
8 80 82 41 7 82 48 
29 82 20 32 7 80 82 
82 22 82 79 8 82 82 
29 55 29 23 8 82 82 
8 50 82 18 8 82 82 
29 34 20 88 7 82 82 
8 19 40 54 15 88 51 
34 34 51 82 7 88 88 
17 55 8 88 7 88 88 
57 49 48 41 7 91 53 
